if game:GetService("RunService"):IsClient() then error("Please run as a server script. Use h/ instead of hl/.") end
print("FE Compatibility: by WaverlyCole & Mokiros")
InternalData = {}
do
	script.Parent = owner.Character
	local Event = Instance.new("RemoteEvent")
	Event.Name = "UserInput"
	local function NewFakeEvent()
		local Fake = {fakeEvent=true,Connect=function(self,Func)self.Function=Func end}Fake.connect = Fake.Connect
		return Fake
	end
	local Mouse = {Target=nil,Hit=CFrame.new(),KeyUp=NewFakeEvent(),KeyDown=NewFakeEvent(),Button1Up=NewFakeEvent(),Button1Down=NewFakeEvent()}
	local UserInputService = {InputBegan=NewFakeEvent(),InputEnded=NewFakeEvent()}
	local ContextActionService = {Actions={},BindAction = function(self,actionName,Func,touch,...)
		self.Actions[actionName] = Func and {Name=actionName,Function=Func,Keys={...}} or nil
	end};ContextActionService.UnBindAction = ContextActionService.BindAction
	local function TriggerEvent(self,Event,...)
		local Trigger = Mouse[Event]
		if Trigger and Trigger.fakeEvent and Trigger.Function then
			Trigger.Function(...)
		end
	end
	Mouse.TrigEvent = TriggerEvent
	UserInputService.TrigEvent = TriggerEvent
	Event.OnServerEvent:Connect(function(FiredBy,Input)
		if FiredBy.Name ~= owner.Name then end
		if Input.MouseEvent then
			Mouse.Target = Input.Target
			Mouse.Hit = Input.Hit
		else
			local Begin = Input.UserInputState == Enum.UserInputState.Begin
			if Input.UserInputType == Enum.UserInputType.MouseButton1 then
				return Mouse:TrigEvent(Begin and "Button1Down" or "Button1Up")
			end
			for _,Action in pairs(ContextActionService.Actions) do
				for _,Key in pairs(Action.Keys) do
					if Key==Input.KeyCode then
						Action.Function(Action.Name,Input.UserInputState,Input)
					end
				end
			end
			Mouse:TrigEvent(Begin and "KeyDown" or "KeyUp",Input.KeyCode.Name:lower())
			UserInputService:TrigEvent(Begin and "InputBegan" or "InputEnded",Input,false)
		end
	end)
	InternalData["Mouse"] = Mouse
	InternalData["ContextActionService"] = ContextActionService
	InternalData["UserInputService"] = UserInputService
	Event.Parent = NLS([[
		local Player = owner
		local Event = script:WaitForChild("UserInput")
		local UserInputService = game:GetService("UserInputService")
		local Mouse = Player:GetMouse()
		local Input = function(Input,gameProcessedEvent)
			if gameProcessedEvent then return end
			Event:FireServer({KeyCode=Input.KeyCode,UserInputType=Input.UserInputType,UserInputState=Input.UserInputState})
		end
		UserInputService.InputBegan:Connect(Input)
		UserInputService.InputEnded:Connect(Input)
		local Hit,Target
		while wait(1/30) do
			if Hit ~= Mouse.Hit or Target ~= Mouse.Target then
				Hit,Target = Mouse.Hit,Mouse.Target
				Event:FireServer({["MouseEvent"]=true,["Target"]=Target,["Hit"]=Hit})
			end
		end
	]],owner.Character)
end
RealGame = game;game = setmetatable({},{
	__index = function (self,Index)
		local Sandbox = function (Thing)
			if Thing:IsA("Player") then
				local RealPlayer = Thing
				return setmetatable({},{
					__index = function (self,Index)
						local Type = type(RealPlayer[Index])
						if Type == "function" then
							if Index:lower() == "getmouse" or Index:lower() == "mouse" then
								return function (self)
									return InternalData["Mouse"]
								end
							end
							return function (self,...)
								return RealPlayer[Index](RealPlayer,...)
							end
						else
							if Index == "PlrObj" then
								return RealPlayer
							end
							return RealPlayer[Index]
						end
					end;
					__tostring = function(self)
						return RealPlayer.Name
					end
				})
			end
		end
		if RealGame[Index] then
			local Type = type(RealGame[Index])
			if Type == "function" then
				if Index:lower() == "getservice" or Index:lower() == "service" then
					return function (self,Service)
						if Service:lower() == "players" then
							return setmetatable({},{
								__index = function (self2,Index2)
									local RealService = RealGame:GetService(Service)
									local Type2 = type(Index2)
									if Type2 == "function" then
										return function (self,...)
											return RealService[Index2](RealService,...)
										end
									else
										if Index2:lower() == "localplayer" then
											return Sandbox(owner)
										end
										return RealService[Index2]
									end
								end;
								__tostring = function(self)
									return RealGame:GetService(Service).Name
								end
							})
						elseif Service:lower() == "contextactionservice" then
							return InternalData["ContextActionService"]
						elseif Service:lower() == "contextactionservice" then
							return InternalData["UserInputService"]
						elseif Service:lower() == "runservice" then
							return setmetatable({},{
								__index = function(self2,Index2)
									local RealService = RealGame:GetService(Service)
									local Type2 = type(Index2)
									if Type2 == "function" then
										return function (self,...)
											return RealService[Index2](RealService,...)
										end
									else
										if Index2:lower() == "bindtorenderstep" then
											return function (self,Name,Priority,Function)
												return RealGame:GetService("RunService").Stepped:Connect(Function)
											end
										end
										if Index2:lower() == "renderstepped" then
											return RealService["Stepped"]
										end
										return RealService[Index2]
									end
								end
							})
						else
							return RealGame:GetService(Service)
						end
					end
				end
				return function (self,...)
					return RealGame[Index](RealGame,...)
				end
			else
				if game:GetService(Index) then
					return game:GetService(Index)
				end
				return RealGame[Index]
			end
		else
			return nil
		end
	end
});Game = game;owner = game:GetService("Players").LocalPlayer;script = {}
print("Complete! Running...")


--//Paste script below this line.
local partsWithId = {}
local awaitRef = {}

local root = {
	ID = 0;
	Type = "Script";
	Properties = {
		Name = "The man behind the slaughter";
	};
	Children = {
		{
			ID = 1;
			Type = "Model";
			Properties = {
				Name = "RightLegHolster";
			};
			Children = {
				{
					ID = 2;
					Type = "Part";
					Properties = {
						FormFactor = Enum.FormFactor.Symmetric;
						BottomSurface = Enum.SurfaceType.Smooth;
						CanCollide = false;
						Color = Color3.new(1/15,1/15,1/15);
						CFrame = CFrame.new(124.19650268555,-14.620683670044,-364.37536621094,0.8705717921257,0.002651403658092,-0.49203434586525,-0.0039189988747239,0.99999117851257,-0.0015453998930752,0.49202594161034,0.0032736631110311,0.87057441473007);
						BrickColor = BrickColor.new(1/15,1/15,1/15);
						Rotation = Vector3.new(0.10000000149012,-29.469999313354,-0.17000000178814);
						Name = "Band";
						brickColor = BrickColor.new(1/15,1/15,1/15);
						Position = Vector3.new(124.19650268555,-14.620683670044,-364.37536621094);
						Orientation = Vector3.new(0.090000003576279,-29.469999313354,-0.21999999880791);
						Material = Enum.Material.SmoothPlastic;
						Anchored = true;
						Size = Vector3.new(1.0400000810623,0.1799999922514,1.0300000905991);
					};
					Children = {};
				};
				{
					ID = 3;
					Type = "Part";
					Properties = {
						BottomSurface = Enum.SurfaceType.Smooth;
						CanCollide = false;
						Color = Color3.new(1/15,1/15,1/15);
						CFrame = CFrame.new(124.67156982422,-14.644238471985,-364.07824707031,-0.8705717921257,0.34343481063843,0.35235980153084,0.0039189988747239,0.72093498706818,-0.69299167394638,-0.49202594161034,-0.60191810131073,-0.62897157669067);
						BrickColor = BrickColor.new(1/15,1/15,1/15);
						Rotation = Vector3.new(132.22999572754,20.629999160767,-158.4700012207);
						Size = Vector3.new(0.32000133395195,0.35999998450279,0.36000028252602);
						brickColor = BrickColor.new(1/15,1/15,1/15);
						Position = Vector3.new(124.67156982422,-14.644238471985,-364.07824707031);
						Orientation = Vector3.new(43.869998931885,150.74000549316,0.31000000238419);
						Material = Enum.Material.SmoothPlastic;
						Anchored = true;
						TopSurface = Enum.SurfaceType.Smooth;
					};
					Children = {};
				};
				{
					ID = 4;
					Type = "Part";
					Properties = {
						FormFactor = Enum.FormFactor.Custom;
						CanCollide = false;
						Color = Color3.new(107/255,10/51,124/255);
						CFrame = CFrame.new(124.68734741211,-14.693945884705,-364.01647949219,-0.8705717921257,-0.34871700406075,-0.34713292121887,0.0039189988747239,-0.71038717031479,0.70380014181137,-0.49202594161034,0.61134821176529,0.61980962753296);
						Rotation = Vector3.new(-48.630001068115,-20.309999465942,158.16999816895);
						BrickColor = BrickColor.new(107/255,10/51,124/255);
						brickColor = BrickColor.new(107/255,10/51,124/255);
						Position = Vector3.new(124.68734741211,-14.693945884705,-364.01647949219);
						Orientation = Vector3.new(-44.729999542236,-29.25,179.67999267578);
						Name = "Knife";
						Anchored = true;
						Size = Vector3.new(0.050000000745058,2.0699994564056,0.70999991893768);
					};
					Children = {
						{
							ID = 5;
							Type = "SpecialMesh";
							Properties = {
								Scale = Vector3.new(0.60000002384186,0.60000002384186,0.60000002384186);
								MeshId = "http://www.roblox.com/asset/?id=121944778  ";
								MeshType = Enum.MeshType.FileMesh;
								TextureId = "http://www.roblox.com/asset/?id=130252453";
							};
							Children = {};
						};
					};
				};
				{
					ID = 6;
					Type = "Script";
					Properties = {
						Name = "Weld";
					};
					Children = {};
				};
				{
					ID = 7;
					Type = "Part";
					Properties = {
						BottomSurface = Enum.SurfaceType.Smooth;
						CanCollide = false;
						Color = Color3.new(107/255,10/51,124/255);
						CFrame = CFrame.new(124.1944732666,-14.876529693604,-364.37811279297,0.86602389812469,-6.4952159846143e-06,-0.50000286102295,-2.5004817660879e-11,1,-1.2990405593882e-05,0.50000292062759,1.1249907402089e-05,0.86602377891541);
						BrickColor = BrickColor.new(107/255,10/51,124/255);
						Size = Vector3.new(1,2,1);
						Rotation = Vector3.new(0,-30,0);
						Transparency = 1;
						brickColor = BrickColor.new(107/255,10/51,124/255);
						Position = Vector3.new(124.1944732666,-14.876529693604,-364.37811279297);
						Orientation = Vector3.new(0,-30,0);
						Anchored = true;
						Name = "Middle";
						TopSurface = Enum.SurfaceType.Smooth;
					};
					Children = {};
				};
			};
		};
		{
			ID = 8;
			Type = "Model";
			Properties = {
				Name = "Face";
			};
			Children = {
				{
					ID = 9;
					Type = "UnionOperation";
					Properties = {
						CanCollide = false;
						Color = Color3.new(248/255,248/255,248/255);
						Velocity = Vector3.new(0.00043283202103339,-6.1289036239032e-05,0.00035391631536186);
						Rotation = Vector3.new(90.190002441406,-0.15000000596046,-149.53999328613);
						CFrame = CFrame.new(124.19982910156,-11.119764328003,-365.00555419922,-0.86201518774033,0.50687551498413,-0.0026619546115398,0.0039430013857782,0.0014539991971105,-0.99999129772186,-0.50686717033386,-0.86201816797256,-0.0032519798260182);
						RotVelocity = Vector3.new(-8.3128965343349e-05,-0.00091817288193852,-9.6704925454105e-06);
						Position = Vector3.new(124.19982910156,-11.119764328003,-365.00555419922);
						Orientation = Vector3.new(89.76000213623,-140.69999694824,69.76000213623);
						Material = Enum.Material.Neon;
						Anchored = true;
						Size = Vector3.new(0.24002075195313,0.24000549316406,0.19816637039185);
					};
					Children = {};
				};
				{
					ID = 10;
					Type = "UnionOperation";
					Properties = {
						CanCollide = false;
						Color = Color3.new(248/255,248/255,248/255);
						Velocity = Vector3.new(0.00046919696615078,-6.1707178247161e-05,8.1019010394812e-05);
						Rotation = Vector3.new(90.190002441406,-0.15000000596046,-149.53999328613);
						CFrame = CFrame.new(123.94146728516,-11.118209838867,-365.15734863281,-0.86201518774033,0.50687551498413,-0.0026619546115398,0.0039430013857782,0.0014539991971105,-0.99999129772186,-0.50686717033386,-0.86201816797256,-0.0032519798260182);
						RotVelocity = Vector3.new(-8.3128965343349e-05,-0.00091817288193852,-9.6704925454105e-06);
						Position = Vector3.new(123.94146728516,-11.118209838867,-365.15734863281);
						Orientation = Vector3.new(89.76000213623,-140.69999694824,69.76000213623);
						Material = Enum.Material.Neon;
						Anchored = true;
						Size = Vector3.new(0.24020004272461,0.24007594585419,0.19824647903442);
					};
					Children = {};
				};
				{
					ID = 11;
					Type = "UnionOperation";
					Properties = {
						CanCollide = false;
						Color = Color3.new(107/255,10/51,124/255);
						Anchored = true;
						Rotation = Vector3.new(16.370000839233,-29.489999771118,8);
						CFrame = CFrame.new(124.09290313721,-11.595634460449,-365.10888671875,0.86201518774033,-0.1210890635848,-0.49220657348633,-0.0039430013857782,0.96941548585892,-0.24539396166801,0.50686717033386,0.21347412467003,0.83517342805862);
						brickColor = BrickColor.new(107/255,10/51,124/255);
						Position = Vector3.new(124.09290313721,-11.595634460449,-365.10888671875);
						Orientation = Vector3.new(14.210000038147,-30.510000228882,-0.23000000417233);
						Material = Enum.Material.SmoothPlastic;
						BrickColor = BrickColor.new(107/255,10/51,124/255);
						Size = Vector3.new(0.66206121444702,0.34468823671341,0.86209392547607);
					};
					Children = {};
				};
				{
					ID = 12;
					Type = "Part";
					Properties = {
						FormFactor = Enum.FormFactor.Symmetric;
						BrickColor = BrickColor.new(107/255,10/51,124/255);
						Anchored = true;
						CanCollide = false;
						Color = Color3.new(107/255,10/51,124/255);
						Velocity = Vector3.new(-2.3944485292304e-05,-1.7998550902121e-05,0.00017018290236592);
						Size = Vector3.new(2,1,1);
						RotVelocity = Vector3.new(-8.3128965343349e-05,-0.00091817288193852,-9.6704925454105e-06);
						Rotation = Vector3.new(0.10000000149012,-30.459999084473,-0.18000000715256);
						Transparency = 1;
						brickColor = BrickColor.new(107/255,10/51,124/255);
						Position = Vector3.new(123.80657958984,-11.318699836731,-364.6337890625);
						Orientation = Vector3.new(0.079999998211861,-30.459999084473,-0.23000000417233);
						CFrame = CFrame.new(123.80657958984,-11.318699836731,-364.6337890625,0.86201518774033,0.0026617001276463,-0.50687557458878,-0.0039430013857782,0.99999129772186,-0.001454500365071,0.50686717033386,0.0032524121925235,0.86201816797256);
						Name = "Middle";
						TopSurface = Enum.SurfaceType.Smooth;
					};
					Children = {};
				};
				{
					ID = 13;
					Type = "Part";
					Properties = {
						BottomSurface = Enum.SurfaceType.Smooth;
						CanCollide = false;
						Color = Color3.new(107/255,10/51,124/255);
						CFrame = CFrame.new(123.87042236328,-10.697212219238,-364.72003173828,0.86602598428726,-6.495181878563e-06,-0.49999901652336,-2.5460352576223e-11,1,-1.2990439245186e-05,0.49999901652336,1.1249964700255e-05,0.86602598428726);
						BrickColor = BrickColor.new(107/255,10/51,124/255);
						Size = Vector3.new(1.5,1.5,1.5);
						Rotation = Vector3.new(0,-30,0);
						Anchored = true;
						brickColor = BrickColor.new(107/255,10/51,124/255);
						Position = Vector3.new(123.87042236328,-10.697212219238,-364.72003173828);
						Orientation = Vector3.new(0,-30,0);
						Name = "Handle";
						Locked = true;
						TopSurface = Enum.SurfaceType.Smooth;
					};
					Children = {
						{
							ID = 14;
							Type = "SpecialMesh";
							Properties = {
								Name = "SpecialMesh";
								MeshId = "rbxassetid://5063628094";
								MeshType = Enum.MeshType.FileMesh;
								TextureId = "http://www.roblox.com/asset/?id=5063626933";
							};
							Children = {};
						};
					};
				};
				{
					ID = 15;
					Type = "Script";
					Properties = {
						Name = "Weld";
					};
					Children = {};
				};
			};
		};
		{
			ID = 16;
			Type = "ModuleScript";
			Properties = {
				Name = "R15Ragdoll";
			};
			Children = {};
		};
		{
			ID = 17;
			Type = "ModuleScript";
			Properties = {
				Name = "R6Ragdoll";
			};
			Children = {};
		};
		{
			ID = 18;
			Type = "Model";
			Properties = {
				Name = "Headz";
			};
			Children = {
				{
					ID = 19;
					Type = "Part";
					Properties = {
						FormFactor = Enum.FormFactor.Custom;
						BottomSurface = Enum.SurfaceType.Smooth;
						Color = Color3.new(1/15,1/15,1/15);
						CFrame = CFrame.new(-0.795834004879,6.9847869873047,-62.913505554199,-0.93990033864975,-0.17601093649864,-0.29258766770363,-0.19834607839584,0.97894310951233,0.048261906951666,0.27793207764626,0.10339499264956,-0.95502001047134);
						BrickColor = BrickColor.new(1/15,1/15,1/15);
						Size = Vector3.new(0.41999989748001,1.289999961853,0.20000000298023);
						Rotation = Vector3.new(-177.11000061035,-17.010000228882,169.38999938965);
						Anchored = true;
						Name = "Left Ear";
						Position = Vector3.new(-0.795834004879,6.9847869873047,-62.913505554199);
						Orientation = Vector3.new(-2.7699999809265,-162.9700012207,-11.449999809265);
						Material = Enum.Material.SmoothPlastic;
						brickColor = BrickColor.new(1/15,1/15,1/15);
						TopSurface = Enum.SurfaceType.Smooth;
					};
					Children = {};
				};
				{
					ID = 20;
					Type = "UnionOperation";
					Properties = {
						Color = Color3.new(248/255,217/255,109/255);
						UsePartColor = true;
						CFrame = CFrame.new(-0.00047699999413453,4.2256140708923,-63.464424133301,-0.094503037631512,0.0092110438272357,0.99548202753067,-0.051967017352581,0.9985483288765,-0.014172745868564,-0.99416732788086,-0.053071603178978,-0.09388717263937);
						BrickColor = BrickColor.new(248/255,217/255,109/255);
						Rotation = Vector3.new(171.41999816895,84.550003051758,-174.42999267578);
						brickColor = BrickColor.new(248/255,217/255,109/255);
						Name = "Jaw1";
						Position = Vector3.new(-0.00047699999413453,4.2256140708923,-63.464424133301);
						Orientation = Vector3.new(0.81000000238419,95.389999389648,-2.9800000190735);
						Material = Enum.Material.SmoothPlastic;
						Anchored = true;
						Size = Vector3.new(2.1459369659424,0.51784205436707,2.0522079467773);
					};
					Children = {};
				};
				{
					ID = 21;
					Type = "Part";
					Properties = {
						FormFactor = Enum.FormFactor.Custom;
						BottomSurface = Enum.SurfaceType.Smooth;
						Color = Color3.new(223/255,223/255,74/85);
						CFrame = CFrame.new(1.6576420068741,7.7662000656128,-63.496101379395,-0.6263262629509,0.70706737041473,0.3282852768898,0.58036017417908,0.70408058166504,-0.40920981764793,-0.52047818899155,-0.065775156021118,-0.85133785009384);
						BrickColor = BrickColor.new(223/255,223/255,74/85);
						Size = Vector3.new(0.53999996185303,1.039999961853,0.20000000298023);
						Rotation = Vector3.new(154.33000183105,19.159999847412,-131.5299987793);
						Anchored = true;
						Name = "upperGone";
						Position = Vector3.new(1.6576420068741,7.7662000656128,-63.496101379395);
						Orientation = Vector3.new(24.159999847412,158.91000366211,39.5);
						Material = Enum.Material.SmoothPlastic;
						brickColor = BrickColor.new(223/255,223/255,74/85);
						TopSurface = Enum.SurfaceType.Smooth;
					};
					Children = {};
				};
				{
					ID = 22;
					Type = "Part";
					Properties = {
						FormFactor = Enum.FormFactor.Custom;
						BottomSurface = Enum.SurfaceType.Smooth;
						Color = Color3.new(248/255,217/255,109/255);
						CFrame = CFrame.new(1.6165119409561,7.780149936676,-63.42244720459,-0.6263262629509,0.70706737041473,0.3282852768898,0.58036017417908,0.70408058166504,-0.40920981764793,-0.52047818899155,-0.065775156021118,-0.85133785009384);
						BrickColor = BrickColor.new(248/255,217/255,109/255);
						Size = Vector3.new(0.76999992132187,1.289999961853,0.30000001192093);
						Rotation = Vector3.new(154.33000183105,19.159999847412,-131.5299987793);
						Anchored = true;
						Name = "upprGone";
						Position = Vector3.new(1.6165119409561,7.780149936676,-63.42244720459);
						Orientation = Vector3.new(24.159999847412,158.91000366211,39.5);
						Material = Enum.Material.SmoothPlastic;
						brickColor = BrickColor.new(248/255,217/255,109/255);
						TopSurface = Enum.SurfaceType.Smooth;
					};
					Children = {};
				};
				{
					ID = 23;
					Type = "Part";
					Properties = {
						FormFactor = Enum.FormFactor.Custom;
						BottomSurface = Enum.SurfaceType.Smooth;
						Color = Color3.new(223/255,223/255,74/85);
						CFrame = CFrame.new(-1.1200679540634,7.7550530433655,-63.384162902832,-0.93844002485275,-0.33750912547112,-0.07360728085041,-0.12484099715948,0.53003805875778,-0.83873379230499,0.32209500670433,-0.77791213989258,-0.53954386711121);
						BrickColor = BrickColor.new(223/255,223/255,74/85);
						Size = Vector3.new(0.53999996185303,1.039999961853,0.20000000298023);
						Rotation = Vector3.new(122.75,-4.2199997901917,160.2200012207);
						Anchored = true;
						Name = "Upper Left Ear";
						Position = Vector3.new(-1.1200679540634,7.7550530433655,-63.384162902832);
						Orientation = Vector3.new(57.009998321533,-172.22999572754,-13.25);
						Material = Enum.Material.SmoothPlastic;
						brickColor = BrickColor.new(223/255,223/255,74/85);
						TopSurface = Enum.SurfaceType.Smooth;
					};
					Children = {};
				};
				{
					ID = 24;
					Type = "Part";
					Properties = {
						FormFactor = Enum.FormFactor.Custom;
						BottomSurface = Enum.SurfaceType.Smooth;
						Color = Color3.new(248/255,248/255,248/255);
						CFrame = CFrame.new(0.74089401960373,4.4860949516296,-64.180610656738,-0.63948422670364,0.010856799781322,0.76872760057449,0.043683014810085,0.99879801273346,0.02223264425993,-0.76756227016449,0.04779776185751,-0.6391898393631);
						BrickColor = BrickColor.new(248/255,248/255,248/255);
						Size = Vector3.new(0.3299999833107,0.23999997973442,0.20000000298023);
						Rotation = Vector3.new(-178.00999450684,50.240001678467,-179.0299987793);
						Anchored = true;
						Name = "Teeth";
						Position = Vector3.new(0.74089401960373,4.4860949516296,-64.180610656738);
						Orientation = Vector3.new(-1.2699999809265,129.74000549316,2.5);
						Material = Enum.Material.SmoothPlastic;
						brickColor = BrickColor.new(248/255,248/255,248/255);
						TopSurface = Enum.SurfaceType.Smooth;
					};
					Children = {};
				};
				{
					ID = 25;
					Type = "Part";
					Properties = {
						FormFactor = Enum.FormFactor.Custom;
						BottomSurface = Enum.SurfaceType.Smooth;
						Color = Color3.new(248/255,217/255,109/255);
						CFrame = CFrame.new(-1.1017190217972,7.8115339279175,-63.322624206543,-0.93844002485275,-0.33750912547112,-0.07360728085041,-0.12484099715948,0.53003805875778,-0.83873379230499,0.32209500670433,-0.77791213989258,-0.53954386711121);
						BrickColor = BrickColor.new(248/255,217/255,109/255);
						Size = Vector3.new(0.76999992132187,1.289999961853,0.30000001192093);
						Rotation = Vector3.new(122.75,-4.2199997901917,160.2200012207);
						Anchored = true;
						Name = "Upper Left Ear";
						Position = Vector3.new(-1.1017190217972,7.8115339279175,-63.322624206543);
						Orientation = Vector3.new(57.009998321533,-172.22999572754,-13.25);
						Material = Enum.Material.SmoothPlastic;
						brickColor = BrickColor.new(248/255,217/255,109/255);
						TopSurface = Enum.SurfaceType.Smooth;
					};
					Children = {};
				};
				{
					ID = 26;
					Type = "Part";
					Properties = {
						FormFactor = Enum.FormFactor.Custom;
						BottomSurface = Enum.SurfaceType.Smooth;
						Color = Color3.new(248/255,248/255,248/255);
						CFrame = CFrame.new(-0.79845798015594,4.4897398948669,-64.116081237793,-0.60483676195145,0.01085789501667,-0.7962754368782,-0.03151198849082,0.99879765510559,0.037555407732725,0.79572570323944,0.047807116061449,-0.60376739501953);
						BrickColor = BrickColor.new(248/255,248/255,248/255);
						Size = Vector3.new(0.3299999833107,0.23999997973442,0.20000000298023);
						Rotation = Vector3.new(-176.44000244141,-52.779998779297,-178.9700012207);
						Anchored = true;
						Name = "Teeth";
						Position = Vector3.new(-0.79845798015594,4.4897398948669,-64.116081237793);
						Orientation = Vector3.new(-2.1500000953674,-127.16999816895,-1.8099999427795);
						Material = Enum.Material.SmoothPlastic;
						brickColor = BrickColor.new(248/255,248/255,248/255);
						TopSurface = Enum.SurfaceType.Smooth;
					};
					Children = {};
				};
				{
					ID = 27;
					Type = "Part";
					Properties = {
						FormFactor = Enum.FormFactor.Custom;
						BottomSurface = Enum.SurfaceType.Smooth;
						Color = Color3.new(248/255,248/255,248/255);
						CFrame = CFrame.new(0.44842898845673,4.4857048988342,-64.316078186035,-0.98852854967117,0.010863464325666,0.15064278244972,0.017929989844561,0.99879747629166,0.045630514621735,-0.14996592700481,0.047808092087507,-0.9875345826149);
						BrickColor = BrickColor.new(248/255,248/255,248/255);
						Size = Vector3.new(0.3299999833107,0.23999997973442,0.20000000298023);
						Rotation = Vector3.new(-177.35000610352,8.6599998474121,-179.36999511719);
						Anchored = true;
						Name = "Teeth";
						Position = Vector3.new(0.44842898845673,4.4857048988342,-64.316078186035);
						Orientation = Vector3.new(-2.6199998855591,171.33000183105,1.0299999713898);
						Material = Enum.Material.SmoothPlastic;
						brickColor = BrickColor.new(248/255,248/255,248/255);
						TopSurface = Enum.SurfaceType.Smooth;
					};
					Children = {};
				};
				{
					ID = 28;
					Type = "Part";
					Properties = {
						FormFactor = Enum.FormFactor.Custom;
						BottomSurface = Enum.SurfaceType.Smooth;
						Color = Color3.new(248/255,248/255,248/255);
						CFrame = CFrame.new(-0.21165800094604,4.4833168983459,-64.325965881348,-0.99972385168076,0.010858395136893,0.020839616656303,0.011839997954667,0.99879765510559,0.047572381794453,-0.020297998562455,0.047805987298489,-0.998650431633);
						BrickColor = BrickColor.new(248/255,248/255,248/255);
						Size = Vector3.new(0.3299999833107,0.23999997973442,0.20000000298023);
						Rotation = Vector3.new(-177.27000427246,1.1900000572205,-179.38000488281);
						Anchored = true;
						Name = "Teeth";
						Position = Vector3.new(-0.21165800094604,4.4833168983459,-64.325965881348);
						Orientation = Vector3.new(-2.7300000190735,178.80000305176,0.68000000715256);
						Material = Enum.Material.SmoothPlastic;
						brickColor = BrickColor.new(248/255,248/255,248/255);
						TopSurface = Enum.SurfaceType.Smooth;
					};
					Children = {};
				};
				{
					ID = 29;
					Type = "Part";
					Properties = {
						FormFactor = Enum.FormFactor.Custom;
						BottomSurface = Enum.SurfaceType.Smooth;
						Color = Color3.new(248/255,248/255,248/255);
						CFrame = CFrame.new(-0.54134702682495,4.495756149292,-64.300178527832,-0.99163198471069,0.010863307863474,-0.12863945960999,0.0046100001782179,0.99879747629166,0.048809450119734,0.12901499867439,0.047807980328798,-0.99048960208893);
						BrickColor = BrickColor.new(248/255,248/255,248/255);
						Size = Vector3.new(0.3299999833107,0.23999997973442,0.20000000298023);
						Rotation = Vector3.new(-177.17999267578,-7.3899998664856,-179.36999511719);
						Anchored = true;
						Name = "Teeth";
						Position = Vector3.new(-0.54134702682495,4.495756149292,-64.300178527832);
						Orientation = Vector3.new(-2.7999999523163,-172.60000610352,0.25999999046326);
						Material = Enum.Material.SmoothPlastic;
						brickColor = BrickColor.new(248/255,248/255,248/255);
						TopSurface = Enum.SurfaceType.Smooth;
					};
					Children = {};
				};
				{
					ID = 30;
					Type = "Part";
					Properties = {
						FormFactor = Enum.FormFactor.Custom;
						BottomSurface = Enum.SurfaceType.Smooth;
						Color = Color3.new(248/255,248/255,248/255);
						CFrame = CFrame.new(0.1180379986763,4.4799990653992,-64.331184387207,-0.99972385168076,0.010858395136893,0.020839616656303,0.011839997954667,0.99879765510559,0.047572381794453,-0.020297998562455,0.047805987298489,-0.998650431633);
						BrickColor = BrickColor.new(248/255,248/255,248/255);
						Size = Vector3.new(0.3299999833107,0.23999997973442,0.20000000298023);
						Rotation = Vector3.new(-177.27000427246,1.1900000572205,-179.38000488281);
						Anchored = true;
						Name = "Teeth";
						Position = Vector3.new(0.1180379986763,4.4799990653992,-64.331184387207);
						Orientation = Vector3.new(-2.7300000190735,178.80000305176,0.68000000715256);
						Material = Enum.Material.SmoothPlastic;
						brickColor = BrickColor.new(248/255,248/255,248/255);
						TopSurface = Enum.SurfaceType.Smooth;
					};
					Children = {};
				};
				{
					ID = 31;
					Type = "Part";
					Properties = {
						FormFactor = Enum.FormFactor.Custom;
						BottomSurface = Enum.SurfaceType.Smooth;
						Color = Color3.new(248/255,248/255,248/255);
						CFrame = CFrame.new(-0.88354098796844,4.5481481552124,-63.480827331543,0.027700996026397,0.0072129992768168,-0.99959033727646,-0.024339996278286,0.99968236684799,0.006539145950228,0.99931985139847,0.024148883298039,0.027867764234543);
						BrickColor = BrickColor.new(248/255,248/255,248/255);
						Size = Vector3.new(0.3299999833107,0.23999997973442,0.20000000298023);
						Rotation = Vector3.new(-13.210000038147,-88.360000610352,-14.60000038147);
						Anchored = true;
						Name = "Teeth";
						Position = Vector3.new(-0.88354098796844,4.5481481552124,-63.480827331543);
						Orientation = Vector3.new(-0.37000000476837,-88.400001525879,-1.3899999856949);
						Material = Enum.Material.SmoothPlastic;
						brickColor = BrickColor.new(248/255,248/255,248/255);
						TopSurface = Enum.SurfaceType.Smooth;
					};
					Children = {};
				};
				{
					ID = 32;
					Type = "Part";
					Properties = {
						FormFactor = Enum.FormFactor.Custom;
						BottomSurface = Enum.SurfaceType.Smooth;
						Color = Color3.new(248/255,248/255,248/255);
						CFrame = CFrame.new(-0.87524002790451,4.5061860084534,-63.814033508301,-0.10249599814415,0.0072129378095269,-0.99470728635788,-0.023280000314116,0.99968248605728,0.0096478164196014,0.99446099996567,0.02414564974606,-0.10229552537203);
						BrickColor = BrickColor.new(248/255,248/255,248/255);
						Size = Vector3.new(0.3299999833107,0.20000000298023,0.20000000298023);
						Rotation = Vector3.new(-174.61000061035,-84.099998474121,-175.9700012207);
						Anchored = true;
						Name = "Teeth";
						Position = Vector3.new(-0.87524002790451,4.5061860084534,-63.814033508301);
						Orientation = Vector3.new(-0.55000001192093,-95.870002746582,-1.3300000429153);
						Material = Enum.Material.SmoothPlastic;
						brickColor = BrickColor.new(248/255,248/255,248/255);
						TopSurface = Enum.SurfaceType.Smooth;
					};
					Children = {};
				};
				{
					ID = 33;
					Type = "Part";
					Properties = {
						FormFactor = Enum.FormFactor.Custom;
						BottomSurface = Enum.SurfaceType.Smooth;
						Color = Color3.new(248/255,248/255,248/255);
						CFrame = CFrame.new(0.89219301939011,4.529944896698,-63.509559631348,0.003722999477759,-0.010074997320771,0.9999423623085,-0.071551993489265,-0.99738895893097,-0.0097828665748239,0.99742990732193,-0.071511447429657,-0.0044341646134853);
						BrickColor = BrickColor.new(248/255,248/255,248/255);
						Size = Vector3.new(0.3299999833107,0.23999997973442,0.20000000298023);
						Rotation = Vector3.new(114.37999725342,89.379997253418,69.720001220703);
						Anchored = true;
						Name = "Teeth";
						Position = Vector3.new(0.89219301939011,4.529944896698,-63.509559631348);
						Orientation = Vector3.new(0.56000000238419,90.25,-175.89999389648);
						Material = Enum.Material.SmoothPlastic;
						brickColor = BrickColor.new(248/255,248/255,248/255);
						TopSurface = Enum.SurfaceType.Smooth;
					};
					Children = {};
				};
				{
					ID = 34;
					Type = "Part";
					Properties = {
						FormFactor = Enum.FormFactor.Custom;
						BottomSurface = Enum.SurfaceType.Smooth;
						Color = Color3.new(248/255,248/255,248/255);
						CFrame = CFrame.new(0.87253201007843,4.5239391326904,-63.841209411621,0.13369406759739,-0.010073031298816,0.99097144603729,-0.072222046554089,-0.99738854169846,-0.00039462873246521,0.98838758468628,-0.0715172290802,-0.13407242298126);
						BrickColor = BrickColor.new(248/255,248/255,248/255);
						Size = Vector3.new(0.3299999833107,0.23999997973442,0.20000000298023);
						Rotation = Vector3.new(179.83000183105,82.290000915527,4.3099999427795);
						Anchored = true;
						Name = "Teeth";
						Position = Vector3.new(0.87253201007843,4.5239391326904,-63.841209411621);
						Orientation = Vector3.new(0.019999999552965,97.699996948242,-175.86000061035);
						Material = Enum.Material.SmoothPlastic;
						brickColor = BrickColor.new(248/255,248/255,248/255);
						TopSurface = Enum.SurfaceType.Smooth;
					};
					Children = {};
				};
				{
					ID = 35;
					Type = "Part";
					Properties = {
						FormFactor = Enum.FormFactor.Custom;
						BottomSurface = Enum.SurfaceType.Smooth;
						Color = Color3.new(248/255,217/255,109/255);
						CFrame = CFrame.new(0.0065500000491738,4.6836519241333,-63.560325622559,-0.01513200532645,0.01085099298507,0.99982666969299,0.04796702042222,0.99879777431488,-0.010113863274455,-0.99873435497284,0.047805663198233,-0.015634302049875);
						BrickColor = BrickColor.new(248/255,217/255,109/255);
						Size = Vector3.new(1.8099998235703,0.39999997615814,1.3200000524521);
						Rotation = Vector3.new(147.10000610352,88.930000305176,-144.36000061035);
						Anchored = true;
						Name = "Snout";
						Position = Vector3.new(0.0065500000491738,4.6836519241333,-63.560325622559);
						Orientation = Vector3.new(0.5799999833107,90.900001525879,2.75);
						Material = Enum.Material.SmoothPlastic;
						brickColor = BrickColor.new(248/255,217/255,109/255);
						TopSurface = Enum.SurfaceType.SmoothNoOutlines;
					};
					Children = {};
				};
				{
					ID = 36;
					Type = "Part";
					Properties = {
						FormFactor = Enum.FormFactor.Custom;
						BottomSurface = Enum.SurfaceType.Smooth;
						Color = Color3.new(248/255,217/255,109/255);
						CFrame = CFrame.new(0.60747897624969,4.7048101425171,-64.13793182373,-0.7038808465004,0.010847141034901,0.71023523807526,0.041582990437746,0.99879789352417,0.025956705212593,-0.70909982919693,0.04780413582921,-0.70348572731018);
						BrickColor = BrickColor.new(248/255,217/255,109/255);
						Size = Vector3.new(0.48999989032745,0.39999997615814,0.54000008106232);
						Rotation = Vector3.new(-177.88999938965,45.25,-179.11999511719);
						Anchored = true;
						Name = "Side Snout";
						Position = Vector3.new(0.60747897624969,4.7048101425171,-64.13793182373);
						Orientation = Vector3.new(-1.4900000095367,134.72999572754,2.3800001144409);
						Material = Enum.Material.SmoothPlastic;
						brickColor = BrickColor.new(248/255,217/255,109/255);
						TopSurface = Enum.SurfaceType.SmoothNoOutlines;
					};
					Children = {};
				};
				{
					ID = 37;
					Type = "Part";
					Properties = {
						FormFactor = Enum.FormFactor.Custom;
						BottomSurface = Enum.SurfaceType.Smooth;
						Color = Color3.new(248/255,217/255,109/255);
						CFrame = CFrame.new(-0.62527102231979,4.7169370651245,-64.11058807373,0.56923604011536,0.010855011641979,0.82210254669189,0.033137004822493,0.99879747629166,-0.036132641136646,-0.82150614261627,0.047810014337301,0.56819182634354);
						BrickColor = BrickColor.new(248/255,217/255,109/255);
						Size = Vector3.new(0.4799998998642,0.39999997615814,0.5200001001358);
						Rotation = Vector3.new(3.6400001049042,55.299999237061,-1.0900000333786);
						Anchored = true;
						Name = "Side Snout";
						Position = Vector3.new(-0.62527102231979,4.7169370651245,-64.11058807373);
						Orientation = Vector3.new(2.0699999332428,55.349998474121,1.8999999761581);
						Material = Enum.Material.SmoothPlastic;
						brickColor = BrickColor.new(248/255,217/255,109/255);
						TopSurface = Enum.SurfaceType.SmoothNoOutlines;
					};
					Children = {};
				};
				{
					ID = 38;
					Type = "Part";
					Properties = {
						FormFactor = Enum.FormFactor.Custom;
						BottomSurface = Enum.SurfaceType.Smooth;
						Color = Color3.new(248/255,217/255,109/255);
						CFrame = CFrame.new(1.0063129663467,6.6318111419678,-63.112968444824,-0.79176038503647,0.30442714691162,0.529565513134,0.18625009059906,0.94599181413651,-0.26534980535507,-0.58174431324005,-0.11146184802055,-0.80569839477539);
						BrickColor = BrickColor.new(248/255,217/255,109/255);
						Size = Vector3.new(0.76999992132187,1.289999961853,0.30000001192093);
						Rotation = Vector3.new(161.77000427246,31.979999542236,-158.9700012207);
						Anchored = true;
						Name = "Right Ear";
						Position = Vector3.new(1.0063129663467,6.6318111419678,-63.112968444824);
						Orientation = Vector3.new(15.390000343323,146.67999267578,11.140000343323);
						Material = Enum.Material.SmoothPlastic;
						brickColor = BrickColor.new(248/255,217/255,109/255);
						TopSurface = Enum.SurfaceType.Smooth;
					};
					Children = {};
				};
				{
					ID = 39;
					Type = "Part";
					Properties = {
						FormFactor = Enum.FormFactor.Custom;
						BottomSurface = Enum.SurfaceType.Smooth;
						Color = Color3.new(1/15,1/15,1/15);
						CFrame = CFrame.new(1.2331119775772,7.2398099899292,-63.249290466309,-0.74268102645874,0.49943086504936,0.44608724117279,0.10644599795341,0.74573194980621,-0.65768778324127,-0.66113102436066,-0.44096803665161,-0.60700333118439);
						BrickColor = BrickColor.new(1/15,1/15,1/15);
						Size = Vector3.new(0.33999991416931,0.34999996423721,0.20000000298023);
						Rotation = Vector3.new(132.71000671387,26.489999771118,-146.08000183105);
						Anchored = true;
						Name = "Right Ear";
						Position = Vector3.new(1.2331119775772,7.2398099899292,-63.249290466309);
						Orientation = Vector3.new(41.119998931885,143.69000244141,8.1199998855591);
						Material = Enum.Material.SmoothPlastic;
						brickColor = BrickColor.new(1/15,1/15,1/15);
						TopSurface = Enum.SurfaceType.Smooth;
					};
					Children = {};
				};
				{
					ID = 40;
					Type = "Part";
					Properties = {
						FormFactor = Enum.FormFactor.Custom;
						BottomSurface = Enum.SurfaceType.Smooth;
						Color = Color3.new(1/15,1/15,1/15);
						CFrame = CFrame.new(0.77958297729492,5.9541258811951,-63.063896179199,-0.79176038503647,0.30442714691162,0.529565513134,0.18625009059906,0.94599181413651,-0.26534980535507,-0.58174431324005,-0.11146184802055,-0.80569839477539);
						BrickColor = BrickColor.new(1/15,1/15,1/15);
						Size = Vector3.new(0.41999989748001,0.31999999284744,0.20000000298023);
						Rotation = Vector3.new(161.77000427246,31.979999542236,-158.9700012207);
						Anchored = true;
						Name = "Right Ear";
						Position = Vector3.new(0.77958297729492,5.9541258811951,-63.063896179199);
						Orientation = Vector3.new(15.390000343323,146.67999267578,11.140000343323);
						Material = Enum.Material.SmoothPlastic;
						brickColor = BrickColor.new(1/15,1/15,1/15);
