if game:GetService("RunService"):IsClient() then error("Please run as a server script. Use h/ instead of hl/.") end
print("FE Compatibility: by WaverlyCole & Mokiros")
InternalData = {}
do
	script.Parent = owner.Character
	local Event = Instance.new("RemoteEvent")
	Event.Name = "UserInput"
	local function NewFakeEvent()
		local Fake = {fakeEvent=true,Connect=function(self,Func)self.Function=Func end}Fake.connect = Fake.Connect
		return Fake
	end
	local Mouse = {Target=nil,Hit=CFrame.new(),KeyUp=NewFakeEvent(),KeyDown=NewFakeEvent(),Button1Up=NewFakeEvent(),Button1Down=NewFakeEvent()}
	local UserInputService = {InputBegan=NewFakeEvent(),InputEnded=NewFakeEvent()}
	local ContextActionService = {Actions={},BindAction = function(self,actionName,Func,touch,...)
		self.Actions[actionName] = Func and {Name=actionName,Function=Func,Keys={...}} or nil
	end};ContextActionService.UnBindAction = ContextActionService.BindAction
	local function TriggerEvent(self,Event,...)
		local Trigger = Mouse[Event]
		if Trigger and Trigger.fakeEvent and Trigger.Function then
			Trigger.Function(...)
		end
	end
	Mouse.TrigEvent = TriggerEvent
	UserInputService.TrigEvent = TriggerEvent
	Event.OnServerEvent:Connect(function(FiredBy,Input)
		if FiredBy.Name ~= owner.Name then end
		if Input.MouseEvent then
			Mouse.Target = Input.Target
			Mouse.Hit = Input.Hit
		else
			local Begin = Input.UserInputState == Enum.UserInputState.Begin
			if Input.UserInputType == Enum.UserInputType.MouseButton1 then
				return Mouse:TrigEvent(Begin and "Button1Down" or "Button1Up")
			end
			for _,Action in pairs(ContextActionService.Actions) do
				for _,Key in pairs(Action.Keys) do
					if Key==Input.KeyCode then
						Action.Function(Action.Name,Input.UserInputState,Input)
					end
				end
			end
			Mouse:TrigEvent(Begin and "KeyDown" or "KeyUp",Input.KeyCode.Name:lower())
			UserInputService:TrigEvent(Begin and "InputBegan" or "InputEnded",Input,false)
		end
	end)
	InternalData["Mouse"] = Mouse
	InternalData["ContextActionService"] = ContextActionService
	InternalData["UserInputService"] = UserInputService
	Event.Parent = NLS([[
		local Player = owner
		local Event = script:WaitForChild("UserInput")
		local UserInputService = game:GetService("UserInputService")
		local Mouse = Player:GetMouse()
		local Input = function(Input,gameProcessedEvent)
			if gameProcessedEvent then return end
			Event:FireServer({KeyCode=Input.KeyCode,UserInputType=Input.UserInputType,UserInputState=Input.UserInputState})
		end
		UserInputService.InputBegan:Connect(Input)
		UserInputService.InputEnded:Connect(Input)
		local Hit,Target
		while wait(1/30) do
			if Hit ~= Mouse.Hit or Target ~= Mouse.Target then
				Hit,Target = Mouse.Hit,Mouse.Target
				Event:FireServer({["MouseEvent"]=true,["Target"]=Target,["Hit"]=Hit})
			end
		end
	]],owner.Character)
end
RealGame = game;game = setmetatable({},{
	__index = function (self,Index)
		local Sandbox = function (Thing)
			if Thing:IsA("Player") then
				local RealPlayer = Thing
				return setmetatable({},{
					__index = function (self,Index)
						local Type = type(RealPlayer[Index])
						if Type == "function" then
							if Index:lower() == "getmouse" or Index:lower() == "mouse" then
								return function (self)
									return InternalData["Mouse"]
								end
							end
							return function (self,...)
								return RealPlayer[Index](RealPlayer,...)
							end
						else
							if Index == "PlrObj" then
								return RealPlayer
							end
							return RealPlayer[Index]
						end
					end;
					__tostring = function(self)
						return RealPlayer.Name
					end
				})
			end
		end
		if RealGame[Index] then
			local Type = type(RealGame[Index])
			if Type == "function" then
				if Index:lower() == "getservice" or Index:lower() == "service" then
					return function (self,Service)
						if Service:lower() == "players" then
							return setmetatable({},{
								__index = function (self2,Index2)
									local RealService = RealGame:GetService(Service)
									local Type2 = type(Index2)
									if Type2 == "function" then
										return function (self,...)
											return RealService[Index2](RealService,...)
										end
									else
										if Index2:lower() == "localplayer" then
											return Sandbox(owner)
										end
										return RealService[Index2]
									end
								end;
								__tostring = function(self)
									return RealGame:GetService(Service).Name
								end
							})
						elseif Service:lower() == "contextactionservice" then
							return InternalData["ContextActionService"]
						elseif Service:lower() == "contextactionservice" then
							return InternalData["UserInputService"]
						elseif Service:lower() == "runservice" then
							return setmetatable({},{
								__index = function(self2,Index2)
									local RealService = RealGame:GetService(Service)
									local Type2 = type(Index2)
									if Type2 == "function" then
										return function (self,...)
											return RealService[Index2](RealService,...)
										end
									else
										if Index2:lower() == "bindtorenderstep" then
											return function (self,Name,Priority,Function)
												return RealGame:GetService("RunService").Stepped:Connect(Function)
											end
										end
										if Index2:lower() == "renderstepped" then
											return RealService["Stepped"]
										end
										return RealService[Index2]
									end
								end
							})
						else
							return RealGame:GetService(Service)
						end
					end
				end
				return function (self,...)
					return RealGame[Index](RealGame,...)
				end
			else
				if game:GetService(Index) then
					return game:GetService(Index)
				end
				return RealGame[Index]
			end
		else
			return nil
		end
	end
});Game = game;owner = game:GetService("Players").LocalPlayer;script = {}
print("Complete! Running...")


--//Paste script below this line.
local partsWithId = {}
local awaitRef = {}

local root = {
	ID = 0;
	Type = "Model";
	Properties = {
		Name = "lol";
	};
	Children = {
		{
			ID = 1;
			Type = "Script";
			Properties = {};
			Children = {
				{
					ID = 2;
					Type = "ScreenGui";
					Properties = {
						ResetOnSpawn = false;
						Name = "beerub";
						ZIndexBehavior = Enum.ZIndexBehavior.Sibling;
					};
					Children = {
						{
							ID = 3;
							Type = "LocalScript";
							Properties = {
								Disabled = true;
							};
							Children = {
								{
									ID = 4;
									Type = "LocalScript";
									Properties = {
										Disabled = true;
										Name = "yeah,";
									};
									Children = {};
								};
								{
									ID = 5;
									Type = "ScreenGui";
									Properties = {
										Enabled = false;
										ResetOnSpawn = false;
										Name = "RickRollHolder";
										ZIndexBehavior = Enum.ZIndexBehavior.Sibling;
									};
									Children = {
										{
											ID = 6;
											Type = "LocalScript";
											Properties = {
												Disabled = true;
												Name = "roll";
											};
											Children = {};
										};
										{
											ID = 7;
											Type = "TextLabel";
											Properties = {
												FontSize = Enum.FontSize.Size60;
												TextColor3 = Color3.new(1,1,1);
												BorderColor3 = Color3.new(1,1,1);
												Text = "The Rickroll Experience ";
												TextStrokeTransparency = 0;
												AnchorPoint = Vector2.new(0.5,0);
												Font = Enum.Font.SourceSansBold;
												Name = "RickrollExperience";
												Position = UDim2.new(0.5,0,0,0);
												BackgroundTransparency = 1;
												Size = UDim2.new(0,200,0,50);
												TextSize = 50;
												BackgroundColor3 = Color3.new(1,1,1);
											};
											Children = {};
										};
									};
								};
								{
									ID = 8;
									Type = "Part";
									Properties = {
										BottomSurface = Enum.SurfaceType.Smooth;
										Color = Color3.new(0,0,0);
										CFrame = CFrame.new(-54.574119567871,0.5,-138.33235168457,1,0,0,0,1,0,0,0,1);
										Name = "SomeEffectIDK";
										BrickColor = BrickColor.new(1/15,1/15,1/15);
										brickColor = BrickColor.new(1/15,1/15,1/15);
										Position = Vector3.new(-54.574119567871,0.5,-138.33235168457);
										Locked = true;
										Size = Vector3.new(1,1,1);
										Shape = Enum.PartType.Ball;
										TopSurface = Enum.SurfaceType.Smooth;
									};
									Children = {
										{
											ID = 9;
											Type = "Attachment";
											Properties = {
												Position = Vector3.new(0,0.5,0);
												CFrame = CFrame.new(0,0.5,0,1,0,0,0,1,0,0,0,1);
											};
											Children = {};
										};
										{
											ID = 10;
											Type = "Attachment";
											Properties = {
												CFrame = CFrame.new(0,-0.5,0,1,0,0,0,1,0,0,0,1);
												Name = "attachment";
												Position = Vector3.new(0,-0.5,0);
											};
											Children = {
												{
													ID = 11;
													Type = "ParticleEmitter";
													Properties = {
														Acceleration = Vector3.new(0,-0.30000001192093,0);
														RotSpeed = NumberRange.new(360);
														Color = ColorSequence.new({ColorSequenceKeypoint.new(0,Color3.new(0,0,0)),ColorSequenceKeypoint.new(1,Color3.new(1,1,1))});
														Drag = 5;
														Rate = 16;
														VelocitySpread = 8;
														Rotation = NumberRange.new(180);
														Transparency = NumberSequence.new({NumberSequenceKeypoint.new(0,0,0),NumberSequenceKeypoint.new(1,1,0)});
														VelocityInheritance = 1;
														Texture = "rbxasset://textures/particles/smoke_main.dds";
														Speed = NumberRange.new(0.69999998807907);
														SpreadAngle = Vector2.new(8,6);
														LockedToPart = true;
														Size = NumberSequence.new({NumberSequenceKeypoint.new(0,0.10178089141846,0),NumberSequenceKeypoint.new(1,0,0)});
													};
													Children = {};
												};
											};
										};
										{
											ID = 12;
											Type = "Trail";
											Properties = {
												FaceCamera = true;
												MinLength = 0;
												Attachment0 = "_R:10_";
												Color = ColorSequence.new({ColorSequenceKeypoint.new(0,Color3.new(0,0,0)),ColorSequenceKeypoint.new(1,Color3.new(1,1,1))});
												Transparency = NumberSequence.new({NumberSequenceKeypoint.new(0,0,0),NumberSequenceKeypoint.new(0.33417403697968,0.099999964237213,0),NumberSequenceKeypoint.new(0.65447664260864,0.36250001192093,0),NumberSequenceKeypoint.new(0.84615385532379,0.66874998807907,0),NumberSequenceKeypoint.new(1,1,0)});
												WidthScale = NumberSequence.new({NumberSequenceKeypoint.new(0,1,0),NumberSequenceKeypoint.new(1,0,0)});
												Attachment1 = "_R:9_";
											};
											Children = {};
										};
									};
								};
								{
									ID = 13;
									Type = "Model";
									Properties = {
										Name = "DarkCharacter";
										PrimaryPart = "_R:14_";
									};
									Children = {
										{
											ID = 14;
											Type = "Part";
											Properties = {
												BottomSurface = Enum.SurfaceType.Smooth;
												CanCollide = false;
												Color = Color3.new(127/255,127/255,127/255);
												CFrame = CFrame.new(-5.574116230011,15.424345970154,-89.332344055176,0.99999445676804,2.5679671580292e-06,-3.3455889933975e-06,-6.432816007873e-06,0.99999272823334,6.4820051193237e-06,5.9772878557851e-06,-1.208484172821e-05,0.99999129772186);
												CustomPhysicalProperties = PhysicalProperties.new(100,0.30000001192093,0.5,1,1);
												BrickColor = BrickColor.new(8/17,48/85,26/51);
												Transparency = 1;
												brickColor = BrickColor.new(8/17,48/85,26/51);
												Position = Vector3.new(-5.574116230011,15.424345970154,-89.332344055176);
												Locked = true;
												Size = Vector3.new(2,2,1);
												Name = "HumanoidRootPart";
												TopSurface = Enum.SurfaceType.Smooth;
											};
											Children = {
												{
													ID = 15;
													Type = "Motor6D";
													Properties = {
														Part1 = "_R:16_";
														Name = "RootJoint";
														C1 = CFrame.new(0,0,0,-1,8.7422726835484e-08,1.0124690697649e-21,3.8213671186811e-15,4.3711352759601e-08,1,8.7422726835484e-08,1,-4.3711359865028e-08);
														C0 = CFrame.new(0,0.032165694981813,-1.4060070885336e-09,-1,8.4443918524357e-08,-2.2626675644233e-08,3.5371201198789e-16,0.25881898403168,0.9659258723259,8.7422776573476e-08,0.9659258723259,-0.258819013834);
														Part0 = "_R:14_";
														MaxVelocity = 0.10000000149012;
													};
													Children = {};
												};
											};
										};
										{
											ID = 16;
											Type = "Part";
											Properties = {
												BottomSurface = Enum.SurfaceType.Smooth;
												BrickColor = BrickColor.new(8/17,48/85,26/51);
												Color = Color3.new(127/255,127/255,127/255);
												CFrame = CFrame.new(-5.574116230011,15.456511497498,-89.332344055176,0.99999445676804,3.3237411116716e-06,-2.569930984464e-06,-6.4101895986823e-06,0.96591717004776,0.25882333517075,5.9743083511421e-06,-0.25882840156555,0.96591436862946);
												CustomPhysicalProperties = PhysicalProperties.new(100,0.30000001192093,0.5,1,1);
												Size = Vector3.new(2,2,1);
												Rotation = Vector3.new(-15,0,0);
												Name = "Torso";
												brickColor = BrickColor.new(8/17,48/85,26/51);
												Position = Vector3.new(-5.574116230011,15.456511497498,-89.332344055176);
												Locked = true;
												Material = Enum.Material.SmoothPlastic;
												Orientation = Vector3.new(-15,0,0);
												TopSurface = Enum.SurfaceType.Smooth;
											};
											Children = {
												{
													ID = 17;
													Type = "Motor6D";
													Properties = {
														Part1 = "_R:22_";
														Name = "Left Hip";
														C1 = CFrame.new(-0.5,1,0,-4.3711391839452e-08,-0,-1,0,1,-0,1,0,-4.3711391839452e-08);
														C0 = CFrame.new(-1,-1.1321656703949,0,0.34202015399933,0.081899598240852,-0.93611681461334,-0.16317591071129,0.98623657226563,0.026666460558772,0.92541658878326,0.14363124966621,0.35067683458328);
														Part0 = "_R:16_";
														MaxVelocity = 0.10000000149012;
													};
													Children = {};
												};
												{
													ID = 18;
													Type = "Motor6D";
													Properties = {
														Part1 = "_R:24_";
														Name = "Left Shoulder";
														C1 = CFrame.new(0.5,0.49997568130493,0,0,0,-1,0,1,0,1,0,0);
														C0 = CFrame.new(-1.0024576187134,0.52357888221741,0.024456145241857,-0.067366138100624,0.067104026675224,-0.9954691529274,-0.24215403199196,0.96680378913879,0.0815589427948,0.96789628267288,0.24655118584633,-0.048880327492952);
														Part0 = "_R:16_";
														MaxVelocity = 0.10000000149012;
													};
													Children = {};
												};
												{
													ID = 19;
													Type = "Motor6D";
													Properties = {
														Part1 = "_R:25_";
														Name = "Right Shoulder";
														C1 = CFrame.new(-0.5,0.5,0,0,0,1,0,1,-0,-1,0,0);
														C0 = CFrame.new(1.0019026994705,0.53787833452225,0.034629505127668,2.4702461814741e-05,-0.08714797347784,0.99618989229202,-0.79466253519058,0.60473704338074,0.052918054163456,-0.607042491436,-0.79164010286331,-0.069236509501934);
														Part0 = "_R:16_";
														MaxVelocity = 0.10000000149012;
													};
													Children = {};
												};
												{
													ID = 20;
													Type = "Motor6D";
													Properties = {
														Part1 = "_R:28_";
														Name = "Neck";
														C1 = CFrame.new(0,-0.5,0,-1,8.7422726835484e-08,1.0124690697649e-21,3.8213671186811e-15,4.3711352759601e-08,1,8.7422726835484e-08,1,-4.3711359865028e-08);
														C0 = CFrame.new(0,1,0,-0.99619460105896,-1.9217991393816e-06,-0.087157808244228,-0.083380565047264,-0.29118010401726,0.95302772521973,-0.02538045309484,0.95666831731796,0.29007184505463);
														Part0 = "_R:16_";
														MaxVelocity = 0.10000000149012;
													};
													Children = {};
												};
												{
													ID = 21;
													Type = "Motor6D";
													Properties = {
														Part1 = "_R:23_";
														Name = "Right Hip";
														C1 = CFrame.new(0.5,1,0,-4.3711391839452e-08,0,1,0,1,0,-1,0,-4.3711391839452e-08);
														C0 = CFrame.new(1,-1.1321656703949,0,0.17364820837975,-0.068696707487106,0.98240882158279,0.25488698482513,0.96670800447464,0.022545590996742,-0.95125126838684,0.24648821353912,0.18537700176239);
														Part0 = "_R:16_";
														MaxVelocity = 0.10000000149012;
													};
													Children = {};
												};
											};
										};
										{
											ID = 22;
											Type = "Part";
											Properties = {
												BrickColor = BrickColor.new(8/17,48/85,26/51);
												BottomSurface = Enum.SurfaceType.Smooth;
												CanCollide = false;
												Color = Color3.new(127/255,127/255,127/255);
												CFrame = CFrame.new(-6.1879601478577,13.314879417419,-89.088691711426,0.93611246347427,0.081902049481869,0.34201535582542,-0.11652693897486,0.98979741334915,0.081902801990509,-0.33181616663933,-0.11653007566929,0.93610978126526);
												CustomPhysicalProperties = PhysicalProperties.new(100,0.30000001192093,0.5,1,1);
												Size = Vector3.new(1,2,1);
												Rotation = Vector3.new(-5,20,-5);
												Name = "Left Leg";
												brickColor = BrickColor.new(8/17,48/85,26/51);
												Position = Vector3.new(-6.1879601478577,13.314879417419,-89.088691711426);
												Orientation = Vector3.new(-4.6999998092651,20.069999694824,-6.710000038147);
												Material = Enum.Material.SmoothPlastic;
												Locked = true;
												TopSurface = Enum.SurfaceType.Smooth;
											};
											Children = {};
										};
										{
											ID = 23;
											Type = "Part";
											Properties = {
												BrickColor = BrickColor.new(8/17,48/85,26/51);
												BottomSurface = Enum.SurfaceType.Smooth;
												CanCollide = false;
												Color = Color3.new(127/255,127/255,127/255);
												CFrame = CFrame.new(-4.9966335296631,13.330493927002,-89.113792419434,0.98240298032761,-0.068693749606609,-0.17365057766438,0.069750770926476,0.99755716323853,7.43567943573e-06,0.17322878539562,-0.012125387787819,0.98479825258255);
												CustomPhysicalProperties = PhysicalProperties.new(100,0.30000001192093,0.5,1,1);
												Size = Vector3.new(1,2,1);
												Rotation = Vector3.new(0,-10,4);
												Name = "Right Leg";
												brickColor = BrickColor.new(8/17,48/85,26/51);
												Position = Vector3.new(-4.9966335296631,13.330493927002,-89.113792419434);
												Orientation = Vector3.new(0,-10,4);
												Material = Enum.Material.SmoothPlastic;
												Locked = true;
												TopSurface = Enum.SurfaceType.Smooth;
											};
											Children = {};
										};
										{
											ID = 24;
											Type = "Part";
											Properties = {
												BrickColor = BrickColor.new(8/17,48/85,26/51);
												BottomSurface = Enum.SurfaceType.Smooth;
												CanCollide = false;
												Color = Color3.new(127/255,127/255,127/255);
												CFrame = CFrame.new(-7.1078495979309,15.502840042114,-89.472366333008,0.99546319246292,0.067106232047081,-0.067369058728218,-0.066134192049503,0.99766516685486,0.016613841056824,0.068329930305481,-0.012088552117348,0.99758088588715);
												CustomPhysicalProperties = PhysicalProperties.new(100,0.30000001192093,0.5,1,1);
												Size = Vector3.new(1,2,1);
												Rotation = Vector3.new(-0.94999998807907,-3.8599998950958,-3.8599998950958);
												Name = "Left Arm";
												brickColor = BrickColor.new(8/17,48/85,26/51);
												Position = Vector3.new(-7.1078495979309,15.502840042114,-89.472366333008);
												Orientation = Vector3.new(-0.94999998807907,-3.8599998950958,-3.789999961853);
												Material = Enum.Material.SmoothPlastic;
												Locked = true;
												TopSurface = Enum.SurfaceType.Smooth;
											};
											Children = {};
										};
										{
											ID = 25;
											Type = "Part";
											Properties = {
												BrickColor = BrickColor.new(8/17,48/85,26/51);
												BottomSurface = Enum.SurfaceType.Smooth;
												CanCollide = false;
												Color = Color3.new(127/255,127/255,127/255);
												CFrame = CFrame.new(-4.0305533409119,15.811992645264,-89.017799377441,0.99618470668793,-0.087143443524837,-2.3621130821994e-05,0.033188048750162,0.37923148274422,0.92469495534897,-0.08056728541851,-0.92118018865585,0.38066980242729);
												CustomPhysicalProperties = PhysicalProperties.new(100,0.30000001192093,0.5,1,1);
												Size = Vector3.new(1,2,1);
												Rotation = Vector3.new(-67.620002746582,0,5);
												Name = "Right Arm";
												brickColor = BrickColor.new(8/17,48/85,26/51);
												Position = Vector3.new(-4.0305533409119,15.811992645264,-89.017799377441);
												Orientation = Vector3.new(-67.620002746582,0,5);
												Material = Enum.Material.SmoothPlastic;
												Locked = true;
												TopSurface = Enum.SurfaceType.Smooth;
											};
											Children = {};
										};
										{
											ID = 26;
											Type = "Humanoid";
											Properties = {
												MaxSlopeAngle = 89.900001525879;
												Health = 1;
												maxHealth = 999;
												DisplayDistanceType = Enum.HumanoidDisplayDistanceType.None;
												WalkSpeed = 50;
												MaxHealth = 999;
											};
											Children = {};
										};
										{
											ID = 27;
											Type = "Folder";
											Properties = {
												Name = "Effects";
											};
											Children = {};
										};
										{
											ID = 28;
											Type = "Part";
											Properties = {
												BrickColor = BrickColor.new(8/17,48/85,26/51);
												Name = "Head";
												BottomSurface = Enum.SurfaceType.Smooth;
												CanCollide = false;
												Color = Color3.new(127/255,127/255,127/255);
												CFrame = CFrame.new(-5.6176905632019,16.920240402222,-89.574417114258,0.99618929624557,-0.087154902517796,-5.4314468798111e-06,0.087101384997368,0.9956237077713,-0.033647820353508,0.0029401239007711,0.033513426780701,0.99942535161972);
												CustomPhysicalProperties = PhysicalProperties.new(100,0.30000001192093,0.5,1,1);
												Size = Vector3.new(2,1,1);
												Rotation = Vector3.new(1.9299999475479,0,5);
												Transparency = 1;
												brickColor = BrickColor.new(8/17,48/85,26/51);
												Position = Vector3.new(-5.6176905632019,16.920240402222,-89.574417114258);
												Orientation = Vector3.new(1.9299999475479,0,5);
												Material = Enum.Material.Neon;
												Locked = true;
												TopSurface = Enum.SurfaceType.Smooth;
											};
											Children = {
												{
													ID = 29;
													Type = "UnionOperation";
													Properties = {
														CanCollide = false;
														UsePartColor = true;
														Rotation = Vector3.new(1.9299999475479,0,5);
														CFrame = CFrame.new(-5.6176905632019,16.920240402222,-89.574417114258,0.99618929624557,-0.087154902517796,-5.4314468798111e-06,0.087101384997368,0.9956237077713,-0.033647820353508,0.0029401239007711,0.033513426780701,0.99942535161972);
														Name = "NeonParts";
														Position = Vector3.new(-5.6176905632019,16.920240402222,-89.574417114258);
														Orientation = Vector3.new(1.9299999475479,0,5);
														Material = Enum.Material.Neon;
														Locked = true;
														Size = Vector3.new(1.1700010299683,1.1700010299683,1.1700010299683);
													};
													Children = {
														{
															ID = 30;
															Type = "Weld";
															Properties = {
																C1 = CFrame.new(0,0,0,1,4.4408243358648e-16,0,-4.4408243358648e-16,1,0,0,0,1);
																Part1 = "_R:29_";
																Part0 = "_R:28_";
															};
															Children = {};
														};
													};
												};
												{
													ID = 31;
													Type = "UnionOperation";
													Properties = {
														CanCollide = false;
														Color = Color3.new(127/255,127/255,127/255);
														CFrame = CFrame.new(-5.6158895492554,16.920074462891,-89.564819335938,-5.4762904255767e-06,-0.087154902517796,-0.99618929624557,-0.033647809177637,0.9956237077713,-0.087101384997368,0.99942535161972,0.033513411879539,-0.0029401676729321);
														BrickColor = BrickColor.new(8/17,48/85,26/51);
														Rotation = Vector3.new(91.930000305176,-85,90);
														Locked = true;
														Name = "Outer";
														Position = Vector3.new(-5.6158895492554,16.920074462891,-89.564819335938);
														Orientation = Vector3.new(5,-90.169998168945,-1.9400000572205);
														Material = Enum.Material.SmoothPlastic;
														brickColor = BrickColor.new(8/17,48/85,26/51);
														Size = Vector3.new(1.2057087421417,1.1999716758728,1.2101650238037);
													};
													Children = {
														{
															ID = 32;
															Type = "Weld";
															Properties = {
																C1 = CFrame.new(-0.0095997415482998,0,0.0018081665039063,-4.3712482522551e-08,1.4888655641698e-08,1,1.014626886198e-15,1,-1.4888655641698e-08,-1,3.6380681830437e-16,-4.3712482522551e-08);
																Part1 = "_R:31_";
																Part0 = "_R:28_";
															};
															Children = {};
														};
													};
												};
											};
										};
										{
											ID = 33;
											Type = "ForceField";
											Properties = {
												Visible = false;
											};
											Children = {};
										};
										{
											ID = 34;
											Type = "Folder";
											Properties = {
												Name = "MegaGunnModel";
											};
											Children = {
												{
													ID = 35;
													Type = "MeshPart";
													Properties = {
														CanCollide = false;
														Color = Color3.new(20/51,20/51,20/51);
														CFrame = CFrame.new(-3.6846787929535,13.800420761108,-86.190773010254,-0.076916418969631,-0.040960788726807,-0.99618470668793,0.76954001188278,-0.63771253824234,-0.033187992870808,-0.63393425941467,-0.76915645599365,0.080567337572575);
														MeshId = "rbxassetid://5177555882";
														BrickColor = BrickColor.new(33/85,19/51,98/255);
														Rotation = Vector3.new(22.389999389648,-84.98999786377,151.96000671387);
														Locked = true;
														brickColor = BrickColor.new(33/85,19/51,98/255);
														Position = Vector3.new(-3.6846787929535,13.800420761108,-86.190773010254);
														Orientation = Vector3.new(1.8999999761581,-85.379997253418,129.64999389648);
														Material = Enum.Material.Granite;
														Name = "Base";
														Size = Vector3.new(9.3614645004272,8.6168975830078,1.4744856357574);
													};
													Children = {
														{
															ID = 36;
															Type = "Weld";
															Properties = {
																C1 = CFrame.new(2.4137344360352,0.56792068481445,0,1.123796167235e-08,-0.70710682868958,0.70710682868958,-7.3056170890595e-08,0.70710682868958,0.70710682868958,-1,-5.9604957414194e-08,-4.3712073960478e-08);
																Part1 = "_R:35_";
																Part0 = "_R:39_";
															};
															Children = {};
														};
													};
												};
												{
													ID = 37;
													Type = "UnionOperation";
													Properties = {
														CanCollide = false;
														UsePartColor = true;
														Rotation = Vector3.new(-174.63000488281,-4.7800002098083,-142.05000305176);
														CFrame = CFrame.new(-3.7776021957397,13.81502532959,-87.037063598633,-0.78581613302231,0.61279958486557,-0.083352163434029,0.6061018705368,0.78989368677139,0.093216583132744,0.12295203655958,0.022726479917765,-0.99214005470276);
														Name = "NeonParts";
														Position = Vector3.new(-3.7776021957397,13.81502532959,-87.037063598633);
														Orientation = Vector3.new(-5.3499999046326,-175.19999694824,37.5);
														Material = Enum.Material.Neon;
														Locked = true;
														Size = Vector3.new(2.0012748241425,2.2143592834473,8.9272222518921);
													};
													Children = {
														{
															ID = 38;
															Type = "Weld";
															Properties = {
																C1 = CFrame.new(0.85080528259277,1.0730590820313,1.259578704834,-0.77262270450592,-0.63486874103546,1.7763568394003e-13,0.63486546278,-0.77262681722641,-1.4566126083082e-13,-2.3092638912203e-13,0,1.0000052452087);
																Part1 = "_R:37_";
																Part0 = "_R:39_";
															};
															Children = {};
														};
													};
												};
												{
													ID = 39;
													Type = "Part";
													Properties = {
														BottomSurface = Enum.SurfaceType.Smooth;
														CanCollide = false;
														CFrame = CFrame.new(-3.8935971260071,15.295716285706,-88.157745361328,0.99618470668793,0.025424525141716,-0.083351723849773,0.033188048750162,-0.99507772922516,0.093216091394424,-0.08056728541851,-0.095616489648819,-0.99213486909866);
														Rotation = Vector3.new(-174.63000488281,-4.7800002098083,-1.460000038147);
														Transparency = 1;
														Name = "Joint";
														Position = Vector3.new(-3.8935971260071,15.295716285706,-88.157745361328);
														Orientation = Vector3.new(-5.3499999046326,-175.19999694824,178.08999633789);
														Size = Vector3.new(1.0039602518082,1.0039602518082,1.0039602518082);
														Locked = true;
														TopSurface = Enum.SurfaceType.Smooth;
													};
													Children = {
														{
															ID = 40;
															Type = "Weld";
															Properties = {
																Part0 = "_R:25_";
																Part1 = "_R:39_";
																C0 = CFrame.new(0.049999997019768,-1,-0.15000000596046,1,-0,0,0,-0.29149559140205,0.95656776428223,-0,-0.95656776428223,-0.29149559140205);
															};
															Children = {};
														};
													};
												};
												{
													ID = 41;
													Type = "Part";
													Properties = {
														BottomSurface = Enum.SurfaceType.Smooth;
														CanCollide = false;
														CFrame = CFrame.new(-3.5770184993744,13.453559875488,-84.988845825195,-0.083351768553257,0.025424525141716,-0.99618470668793,0.093216091394424,-0.99507772922516,-0.033188052475452,-0.99213486909866,-0.095616489648819,0.080567330121994);
														Rotation = Vector3.new(22.389999389648,-84.98999786377,-163.03999328613);
														Transparency = 1;
														Name = "Hole";
														Position = Vector3.new(-3.5770184993744,13.453559875488,-84.988845825195);
														Orientation = Vector3.new(1.8999999761581,-85.379997253418,174.64999389648);
														Size = Vector3.new(0.20079202950001,0.20079202950001,0.20079202950001);
														Locked = true;
														TopSurface = Enum.SurfaceType.Smooth;
													};
													Children = {
														{
															ID = 42;
															Type = "Weld";
															Properties = {
																C1 = CFrame.new(3.3421716690063,-1.5381469726563,-0.0011081695556641,-4.3711388286738e-08,0,1,0,1,0,-1,0,-4.3711388286738e-08);
																Part1 = "_R:41_";
																Part0 = "_R:39_";
															};
															Children = {};
														};
													};
												};
												{
													ID = 43;
													Type = "Part";
													Properties = {
														BottomSurface = Enum.SurfaceType.Smooth;
														CanCollide = false;
														CFrame = CFrame.new(-3.093576669693,12.91290473938,-79.234443664551,-0.083351768553257,0.025424525141716,-0.99618470668793,0.093216091394424,-0.99507772922516,-0.033188052475452,-0.99213486909866,-0.095616489648819,0.080567330121994);
														Rotation = Vector3.new(22.389999389648,-84.98999786377,-163.03999328613);
														Transparency = 1;
														Name = "Hole2";
														Position = Vector3.new(-3.093576669693,12.91290473938,-79.234443664551);
														Orientation = Vector3.new(1.8999999761581,-85.379997253418,174.64999389648);
														Size = Vector3.new(0.20079202950001,0.20079202950001,0.20079202950001);
														Locked = true;
														TopSurface = Enum.SurfaceType.Smooth;
													};
													Children = {
														{
															ID = 44;
															Type = "Weld";
															Properties = {
																C1 = CFrame.new(9.1421899795532,-1.5381469726563,-0.0011081695556641,-4.3711388286738e-08,0,1,0,1,0,-1,0,-4.3711388286738e-08);
																Part1 = "_R:43_";
																Part0 = "_R:39_";
															};
															Children = {};
														};
													};
												};
												{
													ID = 45;
													Type = "UnionOperation";
													Properties = {
														CanCollide = false;
														Color = Color3.new(127/255,127/255,127/255);
														CFrame = CFrame.new(-3.908723115921,14.144864082336,-88.773742675781,-0.083365224301815,0.025435030460358,-0.9961833357811,0.093239322304726,-0.99507510662079,-0.033201731741428,-0.99213153123856,-0.09564109146595,0.080578923225403);
														BrickColor = BrickColor.new(8/17,48/85,26/51);
														Rotation = Vector3.new(22.389999389648,-84.98999786377,-163.0299987793);
														Locked = true;
														Name = "GunAdditions";
														Position = Vector3.new(-3.908723115921,14.144864082336,-88.773742675781);
														Orientation = Vector3.new(1.8999999761581,-85.379997253418,174.64999389648);
														Material = Enum.Material.Granite;
														brickColor = BrickColor.new(8/17,48/85,26/51);
														Size = Vector3.new(5.497673034668,2.1876659393311,1.2067756652832);
													};
													Children = {
														{
															ID = 46;
															Type = "Weld";
															Properties = {
																C1 = CFrame.new(-0.50513458251953,-1.2037582397461,-0.0036468505859375,-1.2941884961037e-05,-2.377524106123e-05,1,1.2535821952042e-05,1,2.3775406589266e-05,-1,1.2536129361251e-05,-1.294158755627e-05);
																Part1 = "_R:45_";
																Part0 = "_R:39_";
															};
															Children = {};
														};
													};
												};
											};
										};
										{
											ID = 47;
											Type = "MeshPart";
											Properties = {
												CanCollide = false;
												Color = Color3.new(0,0,0);
												CFrame = CFrame.new(-5.5218057632446,17.430244445801,-89.557243347168,-0.99618941545486,-0.087154902517796,5.5206528486451e-06,-0.087101399898529,0.99562382698059,0.033647853881121,-0.0029402081854641,0.033513408154249,-0.99942547082901);
												MeshId = "rbxassetid://5589314244";
												BrickColor = BrickColor.new(1/15,1/15,1/15);
												Rotation = Vector3.new(-178.07000732422,0,175);
												Locked = true;
												brickColor = BrickColor.new(1/15,1/15,1/15);
												Position = Vector3.new(-5.5218057632446,17.430244445801,-89.557243347168);
												Orientation = Vector3.new(-1.9299999475479,180,-5);
												Material = Enum.Material.SmoothPlastic;
												Name = "Ultra-Fabulous Hair";
												Size = Vector3.new(1.7439999580383,1.5418449640274,1.4467949867249);
											};
											Children = {
												{
													ID = 48;
													Type = "Weld";
													Properties = {
														C1 = CFrame.new(0.13999557495117,-0.49999904632568,3.814697265625e-06,-1.0000001192093,-1.0950316209346e-08,-8.3353370428085e-08,8.0253812484443e-09,1.0000001192093,-2.2351741790771e-08,9.1502442955971e-08,2.2351741790771e-08,-1.0000001192093);
														Part1 = "_R:47_";
														Part0 = "_R:28_";
													};
													Children = {};
												};
											};
										};
										{
											ID = 49;
											Type = "Pants";
											Properties = {
												Name = "SuitPants";
												PantsTemplate = "rbxassetid://5222221108";
											};
											Children = {};
										};
										{
											ID = 50;
											Type = "Shirt";
											Properties = {
												Name = "SuitShirt";
												ShirtTemplate = "rbxassetid://5222212137";
											};
											Children = {};
										};
									};
								};
								{
									ID = 51;
									Type = "Model";
									Properties = {
										Name = "LightCharacter";
										PrimaryPart = "_R:52_";
									};
									Children = {
										{
											ID = 52;
											Type = "Part";
											Properties = {
												BottomSurface = Enum.SurfaceType.Smooth;
												CanCollide = false;
												Color = Color3.new(127/255,127/255,127/255);
												CFrame = CFrame.new(-5.574116230011,9.5082960128784,-89.332344055176,1,3.8360576581908e-06,-2.6319144126319e-06,-3.836043561023e-06,1,5.4985998758639e-06,2.6319351036364e-06,-5.4985903261695e-06,1);
												CustomPhysicalProperties = PhysicalProperties.new(100,0.30000001192093,0.5,1,1);
												BrickColor = BrickColor.new(8/17,48/85,26/51);
												Transparency = 1;
												brickColor = BrickColor.new(8/17,48/85,26/51);
												Position = Vector3.new(-5.574116230011,9.5082960128784,-89.332344055176);
												Locked = true;
												Size = Vector3.new(2,2,1);
												Name = "HumanoidRootPart";
												TopSurface = Enum.SurfaceType.Smooth;
											};
											Children = {
												{
													ID = 53;
													Type = "Motor6D";
													Properties = {
														Part1 = "_R:54_";
														Name = "RootJoint";
														C1 = CFrame.new(0,0,0,-1,8.7422726835484e-08,1.0124690697649e-21,3.8213671186811e-15,4.3711352759601e-08,1,8.7422726835484e-08,1,-4.3711359865028e-08);
														C0 = CFrame.new(0,0.032165694981813,-1.4060070885336e-09,-1,8.4443918524357e-08,-2.2626675644233e-08,3.5371201198789e-16,0.25881898403168,0.9659258723259,8.7422776573476e-08,0.9659258723259,-0.258819013834);
														Part0 = "_R:52_";
														MaxVelocity = 0.10000000149012;
													};
													Children = {};
												};
											};
										};
										{
											ID = 54;
											Type = "Part";
											Properties = {
